545958908
149856214
-683221335
-240438606
-97971526
-1522680082
1263526287
2053083842
-905695118
64295940
-243328436
-1376965959
-1784458308
1165988811
-1351766034
395064280
311283451
-1922328232
628860033
-386377154
-129989492
-742110451
-1151777590
364122555
287805897
260699606
2043238391
1455944833
-395846492
639981451
116666456
-1293164026
327887482
-1122200532
-599484613
-1862406397
548769139
826785569
-376539141
-1060552818
1284165818
1806721536
-1195165793
938974226
1401988584
1465100045
1010640800
-1148687497
1182176810
-2112801928
1629796246
1357251118
1627433257
-1951807616
-587122524
1106528646
-174901859
-1394474231
-630384397
354692433
-2042604145
1263499553
1037293994
434299880
1706333479
1728412777
-1741273064
1367350777
825146859
-667225863
1958681272
-1199914256
-1292342404
885099642
-841372203
-333079031
290420565
-1938024609
-482149583
-458318647
1657642662
-1273638029
71228403
-142893982
1152762014
2057082047
-323843073
-1984492015
-790068611
-2019368334
-387947132
-758862513
-419599955
-462168299
1653493269
624525636
840019653
1834693289
-807832303
199868000
90497302
358182854
-1836474278
1724998743
1319771763
1620087124
-2105549822
1704497245
1264325847
687009255
1278237322
1338284650
-1016577196
1667659027
2121944308
-1556163391
925427923
1827709559
-128036106
594756668
-380128764
-234927276
-1923591542
818987140
886310081
-1894288740
1633016972
1371352477
824117838
-1574691396
-1230238089
-1173733774
-936750522
1691982630
172321431
1336351985
-1369741722
1059348225
1576678017
462864316
-953235167
1362313987
-1903570658
-359949897
675988155
-344411909
919536567
596137438
1101087970
1990934140
1361344684
2028953263
-842527281
1130005622
2121281675
-180742491
152276067
-1584007068
-439895432
-1475223177
1340101949
1012478006
-527897714
1769870813
1496696834
-1397351425
-1418801627
610462920
-1478724800
1667471018
-623859949
876703359
1546682922
775271474
-1594797842
-429516311
-1455753990
-1452467253
-1029819214
-1767345734
134482225
-95446095
-1797654405
-870254386
1359255965
763780502
1011637037
1997262732
-1913692395
2073669756
1967584691
-471505542
226049738
-1175126588
2027415190
635309657
-149807787
1567720708
1512511182
-566261479
-432958215
-677614169
1880631862
-50241092
159067560
1706778145
-2053670537
-1852181914
-1468120270
1881044388
-960238130
-564897119
-531372017
-1199267668
-1920580718
-2052391461
668079439
-66148051
553014304
41409589
1030870366
-2110185918
-489148119
-531756126
269516224
-1239766585
1376279867
723191801
1057308932
897331739
1849656318
-283637404
569159721
-971007166
1377786400
997144610
-299999011
1534401997
1654659852
1591469150
-338527614
-1489509687
639803118
1079594584
1867026254